           [,1]      [,2]         [,3]       [,4]       [,5]        [,6]         [,7]         [,8]        [,9]
A     0.3297791 0.2574257 0.3023610053 0.81797411 0.16679360 0.994668698 0.9893373953 0.8202589490 0.310738766
C     0.2246763 0.2147753 0.2817974105 0.08606245 0.79512567 0.003808073 0.0083777609 0.0159939071 0.055597867
G     0.2802742 0.4341203 0.3785224676 0.05788271 0.01142422 0.001523229 0.0015232292 0.0068545316 0.466108149
T     0.1652704 0.0936786 0.0365575019 0.03808073 0.02665651 0.000000000 0.0000000000 0.1561309977 0.164508759
other 0.0000000 0.0000000 0.0007616146 0.00000000 0.00000000 0.000000000 0.0007616146 0.0007616146 0.003046458
            [,10]
A     0.006092917
C     0.005331302
G     0.982482864
T     0.006092917
other 0.000000000
